10 30 228
29 41 370
41 35 456
12 42 27
36 41 478
8 26 41
40 4 487
43 41 137
15 33 350
23 34 492
37 7 244
21 44 220
12 47 426
26 30 164
9 15 412
38 44 11
45 40 113
45 17 433
7 41 21
35 3 454
32 29 22
1 9 263
33 4 299
12 41 203
2 6 365
34 9 26
18 3 468
9 41 109
11 39 67
22 37 394
12 27 103
4 8 305
8 18 50
34 20 346
35 2 392
13 23 320
24 20 131
24 50 406
34 38 495
36 3 401
4 36 37
33 30 139
25 44 56
31 44 293
6 23 365
38 9 1
34 6 224
36 20 347
43 40 384
27 3 480
13 50 315
18 20 282
2 30 177
12 2 241
3 32 255
44 36 122
26 43 493
39 14 249
50 25 62
28 29 371
12 34 156
7 38 125
45 21 217
4 14 182
15 31 177
38 15 291
18 21 116
19 29 78
4 42 158
20 39 434
43 22 204
26 22 160
15 32 253
7 20 406
15 3 367
31 19 496
14 11 44
22 44 477
46 26 467
37 26 436
45 29 9
19 49 228
32 30 55
21 7 277
27 23 40
3 2 82
44 13 219
28 18 258
50 49 278
36 46 9
5 11 74
10 21 33
24 11 347
3 14 56
41 25 376
18 14 169
37 19 302
12 26 95
31 12 385
30 5 335
14 43 455
26 33 171
38 24 37
46 47 319
47 42 219
25 38 271
43 37 162
10 34 277
16 2 412
35 39 105
47 17 353
1 41 449
6 21 257
20 31 423
4 18 250
32 20 392
26 14 77
29 9 206
23 44 122
1 24 166
31 21 466
40 15 386
44 2 58
47 3 394
1 11 346
26 50 36
40 6 13
19 35 232
7 10 488
45 41 422
21 3 62
36 49 449
6 43 493
44 15 266
14 20 410
17 33 411
46 24 365
2 49 149
28 20 29
35 31 218
32 8 463
27 41 317
29 35 315
27 10 343
4 30 302
24 43 497
19 30 189
11 17 319
7 22 326
45 3 175